# GIMP colorrc
# 
# This file holds a list of recently used colors.

(color-history
    (color-rgba 0.000000 0.000000 0.000000 1.000000)
    (color-rgba 0.960784 0.960784 0.952941 1.000000)
    (color-rgba 0.156863 0.215686 0.254902 1.000000)
    (color-rgba 1.000000 1.000000 1.000000 1.000000)
    (color-rgba 0.243137 0.286275 0.294118 1.000000)
    (color-rgba 0.239216 0.286275 0.286275 1.000000)
    (color-rgba 0.247059 0.301961 0.305882 1.000000)
    (color-rgba 0.298039 0.372549 0.400000 1.000000)
    (color-rgba 0.278431 0.345098 0.372549 1.000000)
    (color-rgba 0.235294 0.301961 0.329412 1.000000)
    (color-rgba 0.105882 0.145098 0.180392 1.000000)
    (color-rgba 0.294118 0.368627 0.392157 1.000000)
    (color-rgba 0.117647 0.172549 0.207843 1.000000)
    (color-rgba 0.258824 0.345098 0.396078 1.000000)
    (color-rgba 0.337255 0.462745 0.521569 1.000000)
    (color-rgba 0.149020 0.211765 0.262745 1.000000)
    (color-rgba 0.203922 0.258824 0.270588 1.000000)
    (color-rgba 0.203922 0.262745 0.274510 1.000000)
    (color-rgba 0.207843 0.262745 0.274510 1.000000)
    (color-rgba 0.231373 0.290196 0.309804 1.000000)
    (color-rgba 0.215686 0.286275 0.301961 1.000000)
    (color-rgba 0.219608 0.290196 0.305882 1.000000)
    (color-rgba 0.239216 0.305882 0.325490 1.000000)
    (color-rgba 0.250980 0.309804 0.337255 1.000000)
    (color-rgba 0.247059 0.313726 0.341176 1.000000)
    (color-rgba 0.250980 0.317647 0.345098 1.000000)
    (color-rgba 0.286275 0.376471 0.407843 1.000000)
    (color-rgba 0.239216 0.329412 0.384314 1.000000)
    (color-rgba 0.262745 0.349020 0.392157 1.000000)
    (color-rgba 0.301961 0.380392 0.415686 1.000000)
    (color-rgba 0.286275 0.384314 0.400000 1.000000)
    (color-rgba 0.156863 0.200000 0.223529 1.000000)
    (color-rgba 0.203922 0.254902 0.278431 1.000000)
    (color-rgba 0.215686 0.258824 0.282353 1.000000)
    (color-rgba 0.188235 0.239216 0.262745 1.000000)
    (color-rgba 0.145098 0.200000 0.235294 1.000000)
    (color-rgba 0.325490 0.392157 0.419608 1.000000)
    (color-rgba 0.239216 0.294118 0.305882 1.000000)
    (color-rgba 0.286275 0.352941 0.380392 1.000000)
    (color-rgba 0.235294 0.290196 0.301961 1.000000)
    (color-rgba 0.303321 0.627706 0.488684 1.000000)
    (color-rgba 0.483744 0.974026 0.763905 1.000000)
    (color-rgba 0.325490 0.325490 0.325490 0.000000)
    (color-rgba 0.960784 0.960784 0.952941 0.000000)
    (color-rgba 0.324675 0.324675 0.324675 1.000000)
    (color-rgba 0.787879 0.787879 0.787879 1.000000)
    (color-rgba 0.519481 0.519481 0.519481 1.000000)
    (color-rgba 0.414887 0.600317 0.735931 1.000000)
    (color-rgba 0.500828 0.764760 0.956710 1.000000)
    (color-rgba 0.094118 0.137255 0.168627 1.000000)
    (color-rgba 0.101961 0.137255 0.164706 0.000000)
    (color-rgba 0.078431 0.109804 0.152941 0.000000)
    (color-rgba 0.105882 0.137255 0.180392 1.000000)
    (color-rgba 0.101961 0.133333 0.172549 1.000000)
    (color-rgba 0.101961 0.137255 0.164706 1.000000)
    (color-rgba 0.078431 0.109804 0.152941 1.000000)
    (color-rgba 0.058824 0.094118 0.129412 1.000000)
    (color-rgba 0.117647 0.164706 0.196078 1.000000)
    (color-rgba 0.109804 0.160784 0.196078 1.000000)
    (color-rgba 0.337255 0.411765 0.427451 1.000000)
    (color-rgba 0.105882 0.149020 0.188235 1.000000)
    (color-rgba 0.105882 0.152941 0.196078 1.000000)
    (color-rgba 0.850980 0.913725 0.850980 1.000000)
    (color-rgba 0.764706 0.839216 0.780392 1.000000)
    (color-rgba 0.607843 0.701961 0.686275 1.000000)
    (color-rgba 0.788235 0.862745 0.796078 1.000000)
    (color-rgba 0.760784 0.850980 0.780392 1.000000)
    (color-rgba 0.713726 0.796078 0.737255 1.000000)
    (color-rgba 0.796078 0.870588 0.811765 1.000000)
    (color-rgba 0.325490 0.325490 0.317647 1.000000)
    (color-rgba 0.462745 0.462745 0.462745 1.000000)
    (color-rgba 0.341176 0.341176 0.333333 1.000000)
    (color-rgba 0.117647 0.117647 0.125490 1.000000)
    (color-rgba 0.137255 0.137255 0.129412 1.000000)
    (color-rgba 0.780392 0.776471 0.768627 1.000000)
    (color-rgba 0.815686 0.811765 0.792157 1.000000)
    (color-rgba 0.827451 0.823529 0.815686 1.000000)
    (color-rgba 0.772549 0.768627 0.760784 1.000000)
    (color-rgba 0.756863 0.756863 0.749020 1.000000)
    (color-rgba 0.733333 0.733333 0.725490 1.000000)
    (color-rgba 0.709804 0.717647 0.705882 1.000000)
    (color-rgba 0.764706 0.764706 0.756863 1.000000)
    (color-rgba 0.745098 0.752941 0.741176 1.000000)
    (color-rgba 0.800000 0.800000 0.792157 1.000000)
    (color-rgba 0.768627 0.768627 0.760784 1.000000)
    (color-rgba 0.796078 0.796078 0.788235 1.000000)
    (color-rgba 0.898039 0.882353 0.870588 1.000000)
    (color-rgba 0.866667 0.850980 0.839216 1.000000)
    (color-rgba 0.749020 0.733333 0.721569 1.000000)
    (color-rgba 0.760784 0.745098 0.733333 1.000000)
    (color-rgba 0.772549 0.756863 0.745098 1.000000)
    (color-rgba 0.082571 0.878788 0.123933 1.000000)
    (color-rgba 0.082353 0.878431 0.125490 0.000000)
    (color-rgba 0.969697 0.266829 0.266829 1.000000)
    (color-rgba 0.968627 0.266667 0.266667 0.000000)
    (color-rgba 0.000000 0.000000 0.000000 0.000000)
    (color-rgba 0.978355 0.052529 0.052529 1.000000)
    (color-rgba 0.064209 0.956710 0.921937 1.000000)
    (color-rgba 0.372294 0.372294 0.372294 1.000000)
    (color-rgba 1.000000 0.000000 0.000000 1.000000)
    (color-rgba 0.333333 0.333333 0.333333 1.000000)
    (color-rgba 0.768627 0.768627 0.768627 1.000000)
    (color-rgba 0.533333 0.533333 0.533333 1.000000)
    (color-rgba 0.133333 0.133333 0.133333 1.000000)
    (color-rgba 0.388235 0.235294 0.121569 1.000000)
    (color-rgba 0.419608 0.000000 0.000000 1.000000)
    (color-rgba 0.623529 0.000000 0.000000 1.000000)
    (color-rgba 0.000000 0.513726 0.780392 1.000000)
    (color-rgba 0.007843 0.027451 0.388235 1.000000)
    (color-rgba 0.015686 0.294118 1.000000 1.000000)
    (color-rgba 0.396078 0.513726 0.811765 1.000000)
    (color-rgba 0.317647 0.000000 1.000000 1.000000)
    (color-rgba 0.211765 0.729412 1.000000 1.000000)
    (color-rgba 0.984314 1.000000 0.356863 1.000000)
    (color-rgba 0.898039 0.850980 0.000000 1.000000)
    (color-rgba 0.627451 0.415686 0.258824 1.000000)
    (color-rgba 0.901961 0.745098 0.047059 1.000000)
    (color-rgba 0.792157 0.890196 0.992157 1.000000)
    (color-rgba 0.270588 1.000000 0.784314 1.000000)
    (color-rgba 0.000000 0.000000 0.917647 1.000000)
    (color-rgba 0.925490 0.031373 0.925490 1.000000)
    (color-rgba 0.811765 0.431373 0.894118 1.000000)
    (color-rgba 1.000000 0.874510 0.800000 1.000000)
    (color-rgba 1.000000 0.458824 0.372549 1.000000)
    (color-rgba 1.000000 0.223529 0.015686 1.000000)
    (color-rgba 0.898039 0.000000 0.000000 1.000000)
    (color-rgba 0.898039 0.584314 0.000000 1.000000)
    (color-rgba 0.509804 0.000000 0.501961 1.000000)
    (color-rgba 0.317647 0.882353 0.098039 1.000000)
    (color-rgba 0.572549 0.878431 0.266667 1.000000)
    (color-rgba 0.007843 0.745098 0.003922 1.000000)
    (color-rgba 0.133333 0.694118 0.298039 1.000000)
    (color-rgba 0.000000 0.400000 0.000000 1.000000)
    (color-rgba 0.698039 0.694118 0.713726 1.000000)
    (color-rgba 0.000000 0.827451 0.866667 1.000000)
    (color-rgba 0.733333 0.309804 0.000000 1.000000)
    (color-rgba 0.600000 0.325490 0.050980 1.000000)
    (color-rgba 0.443137 0.427451 0.431373 1.000000)
    (color-rgba 0.968627 0.564706 0.207843 1.000000)
    (color-rgba 0.969697 0.564424 0.078096 1.000000)
    (color-rgba 0.698039 0.694118 0.713725 0.000000)
    (color-rgba 0.969697 0.564255 0.208257 1.000000)
    (color-rgba 0.917749 0.215579 0.233817 1.000000)
    (color-rgba 0.168627 0.176471 0.337255 1.000000)
    (color-rgba 0.105882 0.160784 0.239216 1.000000)
    (color-rgba 0.133333 0.188235 0.266667 1.000000)
    (color-rgba 0.184314 0.192157 0.211765 1.000000)
    (color-rgba 0.800000 0.800000 0.800000 1.000000)
    (color-rgba 0.239216 0.141176 0.137255 1.000000)
    (color-rgba 0.866667 0.866667 0.866667 1.000000)
    (color-rgba 0.666667 0.666667 0.666667 1.000000)
    (color-rgba 0.575758 0.521328 0.312996 1.000000)
    (color-rgba 0.988235 0.874510 0.439216 1.000000)
    (color-rgba 0.988235 0.874510 0.439216 0.000000)
    (color-rgba 0.576471 0.521569 0.313725 0.000000)
    (color-rgba 0.717647 0.772549 0.807843 1.000000)
    (color-rgba 1.000000 0.938987 0.060403 1.000000)
    (color-rgba 0.003922 0.003922 0.003922 1.000000)
    (color-rgba 0.960784 0.596078 0.709804 1.000000)
    (color-rgba 0.113725 0.117647 0.101961 1.000000)
    (color-rgba 0.035294 0.035294 0.035294 1.000000)
    (color-rgba 0.843137 0.674510 0.533333 1.000000)
    (color-rgba 0.933333 0.905882 0.474510 1.000000)
    (color-rgba 0.050980 0.050980 0.050980 1.000000)
    (color-rgba 0.996078 0.917647 0.901961 1.000000)
    (color-rgba 0.588235 0.529412 0.619608 1.000000)
    (color-rgba 0.482353 0.388235 0.529412 1.000000)
    (color-rgba 0.400000 0.337255 0.388235 1.000000)
    (color-rgba 0.474510 0.419608 0.478431 1.000000)
    (color-rgba 0.584314 0.541176 0.607843 1.000000)
    (color-rgba 0.384314 0.313726 0.368627 1.000000)
    (color-rgba 0.470588 0.415686 0.474510 1.000000)
    (color-rgba 0.770563 0.584387 0.610983 1.000000)
    (color-rgba 0.870588 0.650980 0.682353 1.000000)
    (color-rgba 0.984314 0.874510 0.847059 1.000000)
    (color-rgba 0.992157 0.843137 0.823529 1.000000)
    (color-rgba 0.949020 0.811765 0.823529 1.000000)
    (color-rgba 0.805195 0.652082 0.616055 1.000000)
    (color-rgba 0.874510 0.741176 0.741176 1.000000)
    (color-rgba 1.000000 0.992157 0.996078 1.000000)
    (color-rgba 1.000000 0.992157 1.000000 1.000000)
    (color-rgba 0.992157 0.894118 0.882353 1.000000)
    (color-rgba 1.000000 0.988235 0.988235 1.000000)
    (color-rgba 0.882353 0.760784 0.745098 1.000000)
    (color-rgba 0.649351 0.582320 0.566548 1.000000)
    (color-rgba 0.796537 0.722967 0.705657 1.000000)
    (color-rgba 0.467532 0.414190 0.401639 1.000000)
    (color-rgba 0.925490 0.858824 0.843137 1.000000)
    (color-rgba 0.492683 0.207935 0.208545 1.000000)
    (color-rgba 0.914146 0.987013 0.939039 1.000000)
    (color-rgba 0.943723 0.050670 0.259435 1.000000)
    (color-rgba 0.960784 0.117647 0.180392 0.000000)
    (color-rgba 0.961039 0.116099 0.181938 1.000000)
    (color-rgba 0.941176 0.101961 0.207843 0.000000)
    (color-rgba 0.939394 0.100875 0.209773 1.000000)
    (color-rgba 0.898039 0.149020 0.207843 0.000000)
    (color-rgba 0.896104 0.150353 0.208463 1.000000)
    (color-rgba 0.956863 0.098039 0.184314 0.000000)
    (color-rgba 0.941176 0.070588 0.294118 0.000000)
    (color-rgba 0.969697 0.084604 0.291509 1.000000)
    (color-rgba 0.338418 0.969697 0.551577 1.000000)
    (color-rgba 0.564706 0.533333 0.466667 0.000000)
    (color-rgba 0.564706 0.533333 0.466667 1.000000)
    (color-rgba 0.583322 0.548043 0.489235 1.000000)
    (color-rgba 0.162493 0.122515 0.075776 1.000000)
    (color-rgba 0.212589 0.168139 0.092058 1.000000)
    (color-rgba 0.164553 0.127504 0.095201 1.000000)
    (color-rgba 0.563638 0.526268 0.473350 1.000000)
    (color-rgba 0.624475 0.593103 0.549966 1.000000)
    (color-rgba 0.669917 0.644022 0.601755 1.000000)
    (color-rgba 0.599878 0.560662 0.513619 1.000000)
    (color-rgba 0.610651 0.579278 0.536156 1.000000)
    (color-rgba 0.091640 0.975309 0.440744 1.000000)
    (color-rgba 0.160784 0.180392 0.200000 1.000000)
    (color-rgba 0.086275 0.098039 0.125490 1.000000)
    (color-rgba 0.996078 0.650980 0.309804 1.000000)
    (color-rgba 0.976471 0.678431 0.325490 1.000000)
    (color-rgba 1.000000 0.741176 0.407843 1.000000)
    (color-rgba 0.894118 0.615686 0.258824 1.000000)
    (color-rgba 0.960784 0.717647 0.352941 1.000000)
    (color-rgba 0.956863 0.721569 0.345098 1.000000)
    (color-rgba 0.968627 0.764706 0.380392 1.000000)
    (color-rgba 0.992157 0.662745 0.317647 1.000000)
    (color-rgba 0.949020 0.772549 0.419608 1.000000)
    (color-rgba 0.941176 0.670588 0.313726 1.000000)
    (color-rgba 1.000000 0.654902 0.313726 1.000000)
    (color-rgba 0.960784 0.756863 0.372549 1.000000)
    (color-rgba 0.960784 0.717647 0.345098 1.000000)
    (color-rgba 0.196078 0.301961 0.254902 1.000000)
    (color-rgba 1.000000 0.670588 0.337255 1.000000)
    (color-rgba 0.992157 0.623529 0.298039 1.000000)
    (color-rgba 0.450980 0.643137 0.501961 1.000000)
    (color-rgba 0.713726 0.596078 0.627451 1.000000)
    (color-rgba 0.470588 0.376471 0.333333 1.000000)
    (color-rgba 0.384314 0.533333 0.454902 1.000000)
    (color-rgba 0.458824 0.600000 0.517647 1.000000)
    (color-rgba 0.419608 0.556863 0.482353 1.000000)
    (color-rgba 0.435294 0.572549 0.498039 1.000000)
    (color-rgba 0.882353 0.972549 0.921569 1.000000)
    (color-rgba 0.874510 0.964706 0.905882 1.000000)
    (color-rgba 0.086275 0.082353 0.082353 1.000000)
    (color-rgba 0.254902 0.192157 0.203922 1.000000)
    (color-rgba 0.164706 0.282353 0.250980 1.000000)
    (color-rgba 0.733333 0.647059 0.654902 1.000000)
    (color-rgba 0.694118 0.611765 0.623529 1.000000)
    (color-rgba 0.345098 0.286275 0.294118 1.000000)
    (color-rgba 0.345098 0.290196 0.290196 1.000000)
    (color-rgba 0.345098 0.290196 0.294118 1.000000)
    (color-rgba 0.349020 0.286275 0.294118 1.000000)
    (color-rgba 0.349020 0.290196 0.298039 1.000000)
    (color-rgba 0.458824 0.603922 0.521569 1.000000)
    (color-rgba 0.619608 0.682353 0.615686 1.000000)
    (color-rgba 0.392157 0.541176 0.462745 1.000000)
    (color-rgba 0.435294 0.580392 0.498039 1.000000)
    (color-rgba 0.360784 0.501961 0.423529 1.000000)
    (color-rgba 0.835294 0.952941 0.905882 1.000000)
    (color-rgba 0.282353 0.396078 0.392157 1.000000)
    (color-rgba 0.152941 0.200000 0.188235 1.000000)
    (color-rgba 0.807843 0.913725 0.858824 1.000000)
    (color-rgba 0.811765 0.917647 0.854902 1.000000)
    (color-rgba 0.780392 0.901961 0.847059 1.000000)
    (color-rgba 0.294118 0.435294 0.423529 1.000000)
    (color-rgba 0.898039 0.972549 0.933333 1.000000)
    (color-rgba 0.886275 0.968627 0.921569 1.000000)
    (color-rgba 0.882353 0.968627 0.921569 1.000000)
    (color-rgba 0.839216 0.964706 0.909804 1.000000)
    (color-rgba 0.462745 0.611765 0.517647 1.000000)
    (color-rgba 0.254902 0.341176 0.286275 1.000000)
    (color-rgba 0.588235 0.478431 0.423529 1.000000)
    (color-rgba 0.278431 0.254902 0.223529 1.000000)
    (color-rgba 0.447059 0.349020 0.305882 1.000000)
    (color-rgba 0.254902 0.301961 0.266667 1.000000)
    (color-rgba 0.337255 0.317647 0.282353 1.000000)
    (color-rgba 0.470588 0.380392 0.333333 1.000000)
    (color-rgba 0.270588 0.349020 0.301961 1.000000)
    (color-rgba 0.258824 0.333333 0.286275 1.000000)
    (color-rgba 0.960784 0.949020 0.909804 1.000000)
    (color-rgba 0.847059 0.823529 0.815686 1.000000)
    (color-rgba 0.250980 0.333333 0.278431 1.000000)
    (color-rgba 0.176471 0.219608 0.196078 1.000000)
    (color-rgba 0.341176 0.376471 0.360784 1.000000)
    (color-rgba 0.839216 0.819608 0.815686 1.000000)
    (color-rgba 0.678431 0.682353 0.647059 1.000000)
    (color-rgba 0.286275 0.356863 0.313726 1.000000)
    (color-rgba 0.262745 0.325490 0.286275 1.000000)
    (color-rgba 0.282353 0.356863 0.313726 1.000000)
    (color-rgba 0.368627 0.470588 0.392157 1.000000)
    (color-rgba 0.219608 0.282353 0.247059 1.000000)
    (color-rgba 0.450980 0.501961 0.431373 1.000000)
    (color-rgba 0.568627 0.658824 0.611765 1.000000)
    (color-rgba 0.517647 0.545098 0.498039 1.000000)
    (color-rgba 0.827451 0.850980 0.807843 1.000000)
    (color-rgba 0.670588 0.862745 0.749020 1.000000)
    (color-rgba 0.592157 0.588235 0.517647 1.000000)
    (color-rgba 0.666667 0.862745 0.749020 1.000000)
    (color-rgba 0.701961 0.909804 0.811765 1.000000)
    (color-rgba 0.650980 0.827451 0.713726 1.000000)
    (color-rgba 0.658824 0.635294 0.533333 1.000000)
    (color-rgba 0.368627 0.321569 0.254902 1.000000)
    (color-rgba 0.505882 0.301961 0.223529 1.000000)
    (color-rgba 0.678431 0.815686 0.725490 1.000000)
    (color-rgba 0.682353 0.815686 0.729412 1.000000)
    (color-rgba 0.670588 0.780392 0.701961 1.000000)
    (color-rgba 0.674510 0.815686 0.725490 1.000000)
    (color-rgba 0.686275 0.811765 0.725490 1.000000)
    (color-rgba 0.694118 0.890196 0.803922 1.000000)
    (color-rgba 0.650980 0.823529 0.713726 1.000000)
    (color-rgba 0.686275 0.807843 0.725490 1.000000)
    (color-rgba 0.686275 0.811765 0.729412 1.000000)
    (color-rgba 0.364706 0.478431 0.400000 1.000000)
    (color-rgba 0.313726 0.435294 0.368627 1.000000)
    (color-rgba 0.380392 0.486275 0.407843 1.000000)
    (color-rgba 0.376471 0.490196 0.415686 1.000000)
    (color-rgba 0.294118 0.447059 0.364706 1.000000)
    (color-rgba 0.352941 0.474510 0.392157 1.000000)
    (color-rgba 0.792157 0.729412 0.756863 1.000000)
    (color-rgba 0.854902 0.788235 0.807843 1.000000)
    (color-rgba 0.788235 0.709804 0.737255 1.000000)
    (color-rgba 0.819608 0.749020 0.768627 1.000000)
    (color-rgba 0.792157 0.729412 0.752941 1.000000)
    (color-rgba 0.784314 0.705882 0.737255 1.000000)
    (color-rgba 0.760784 0.686275 0.725490 1.000000)
    (color-rgba 0.780392 0.701961 0.733333 1.000000)
    (color-rgba 0.843137 0.788235 0.807843 1.000000)
    (color-rgba 0.627451 0.584314 0.560784 1.000000)
    (color-rgba 0.839216 0.796078 0.807843 1.000000)
    (color-rgba 0.823529 0.772549 0.764706 1.000000)
    (color-rgba 0.819608 0.768627 0.788235 1.000000)
    (color-rgba 0.839216 0.792157 0.803922 1.000000)
    (color-rgba 0.796078 0.760784 0.768627 1.000000)
    (color-rgba 0.796078 0.749020 0.764706 1.000000)
    (color-rgba 0.839216 0.811765 0.815686 1.000000)
    (color-rgba 0.835294 0.811765 0.811765 1.000000)
    (color-rgba 0.807843 0.768627 0.772549 1.000000)
    (color-rgba 0.800000 0.772549 0.780392 1.000000)
    (color-rgba 0.501961 0.450980 0.439216 1.000000)
    (color-rgba 0.831373 0.780392 0.772549 1.000000)
    (color-rgba 0.643137 0.592157 0.568627 1.000000)
    (color-rgba 0.631373 0.584314 0.556863 1.000000)
    (color-rgba 0.352941 0.286275 0.270588 1.000000)
    (color-rgba 0.431373 0.352941 0.349020 1.000000)
    (color-rgba 0.337255 0.247059 0.262745 1.000000)
    (color-rgba 0.749020 0.682353 0.678431 1.000000)
    (color-rgba 0.682353 0.596078 0.596078 1.000000)
    (color-rgba 0.490196 0.396078 0.396078 1.000000)
    (color-rgba 0.819608 0.752941 0.745098 1.000000)
    (color-rgba 0.505882 0.400000 0.407843 1.000000)
    (color-rgba 0.749020 0.666667 0.662745 1.000000)
    (color-rgba 0.701961 0.615686 0.611765 1.000000)
    (color-rgba 0.686275 0.600000 0.600000 1.000000)
    (color-rgba 0.705882 0.619608 0.619608 1.000000)
    (color-rgba 0.874510 0.847059 0.870588 1.000000)
    (color-rgba 0.607843 0.505882 0.505882 1.000000)
    (color-rgba 0.635294 0.533333 0.533333 1.000000)
    (color-rgba 0.643137 0.541176 0.541176 1.000000)
    (color-rgba 0.815686 0.749020 0.741176 1.000000)
    (color-rgba 0.854902 0.764706 0.772549 1.000000)
    (color-rgba 0.443137 0.345098 0.349020 1.000000)
    (color-rgba 0.447059 0.345098 0.349020 1.000000)
    (color-rgba 0.980392 0.941176 0.929412 1.000000)
    (color-rgba 0.113725 0.176471 0.172549 1.000000)
    (color-rgba 0.262745 0.400000 0.396078 1.000000)
    (color-rgba 0.368627 0.494118 0.447059 1.000000)
    (color-rgba 0.776471 0.427451 0.494118 1.000000)
    (color-rgba 0.776471 0.423529 0.490196 1.000000)
    (color-rgba 0.784314 0.458824 0.521569 1.000000)
    (color-rgba 0.878431 0.725490 0.756863 1.000000)
    (color-rgba 0.835294 0.592157 0.619608 1.000000)
    (color-rgba 0.850980 0.729412 0.756863 1.000000)
    (color-rgba 0.843137 0.596078 0.627451 1.000000)
    (color-rgba 0.854902 0.639216 0.682353 1.000000)
    (color-rgba 0.850980 0.729412 0.752941 1.000000)
    (color-rgba 0.847059 0.701961 0.733333 1.000000)
    (color-rgba 0.803922 0.564706 0.607843 1.000000)
    (color-rgba 0.854902 0.631373 0.678431 1.000000)
    (color-rgba 0.313726 0.239216 0.231373 1.000000)
    (color-rgba 0.592157 0.498039 0.494118 1.000000)
    (color-rgba 0.839216 0.325490 0.427451 1.000000)
    (color-rgba 0.654902 0.600000 0.600000 1.000000)
    (color-rgba 0.858824 0.800000 0.800000 1.000000)
    (color-rgba 0.698039 0.666667 0.666667 1.000000)
    (color-rgba 0.152941 0.113725 0.125490 1.000000)
    (color-rgba 0.654902 0.607843 0.603922 1.000000)
    (color-rgba 0.721569 0.678431 0.678431 1.000000)
    (color-rgba 0.301961 0.509804 0.431373 1.000000)
    (color-rgba 0.384314 0.549020 0.474510 1.000000)
    (color-rgba 0.360784 0.533333 0.462745 1.000000)
    (color-rgba 0.560784 0.670588 0.607843 1.000000)
    (color-rgba 0.431373 0.592157 0.517647 1.000000)
    (color-rgba 0.858824 0.972549 0.933333 1.000000)
    (color-rgba 0.768627 0.909804 0.854902 1.000000)
    (color-rgba 0.772549 0.909804 0.858824 1.000000)
    (color-rgba 0.905882 0.988235 0.941176 1.000000)
    (color-rgba 0.929412 1.000000 0.956863 1.000000)
    (color-rgba 0.898039 0.988235 0.937255 1.000000)
    (color-rgba 0.878431 0.976471 0.937255 1.000000)
    (color-rgba 0.890196 0.984314 0.949020 1.000000)
    (color-rgba 0.364706 0.549020 0.474510 1.000000)
    (color-rgba 0.447059 0.615686 0.529412 1.000000)
    (color-rgba 0.419608 0.600000 0.517647 1.000000)
    (color-rgba 0.411765 0.596078 0.509804 1.000000)
    (color-rgba 0.333333 0.517647 0.450980 1.000000)
    (color-rgba 0.454902 0.623529 0.537255 1.000000)
    (color-rgba 0.419608 0.596078 0.509804 1.000000)
    (color-rgba 0.443137 0.615686 0.529412 1.000000)
    (color-rgba 0.329412 0.513726 0.447059 1.000000)
    (color-rgba 0.309804 0.509804 0.431373 1.000000)
    (color-rgba 0.356863 0.305882 0.309804 1.000000)
    (color-rgba 0.364706 0.329412 0.333333 1.000000)
    (color-rgba 0.627451 0.596078 0.635294 1.000000)
    (color-rgba 0.121569 0.286275 0.239216 1.000000)
    (color-rgba 0.615686 0.568627 0.607843 1.000000)
    (color-rgba 0.627451 0.592157 0.631373 1.000000)
    (color-rgba 0.615686 0.568627 0.600000 1.000000)
    (color-rgba 0.407843 0.584314 0.498039 1.000000)
    (color-rgba 0.898039 1.000000 0.968627 1.000000)
    (color-rgba 0.870588 0.964706 0.937255 1.000000)
    (color-rgba 0.760784 0.929412 0.874510 1.000000)
    (color-rgba 0.749020 0.901961 0.843137 1.000000)
    (color-rgba 0.862745 0.996078 0.949020 1.000000)
    (color-rgba 0.364706 0.537255 0.466667 1.000000)
    (color-rgba 0.392157 0.360784 0.356863 1.000000)
    (color-rgba 0.356863 0.286275 0.286275 1.000000)
    (color-rgba 0.556863 0.670588 0.607843 1.000000)
    (color-rgba 0.400000 0.584314 0.505882 1.000000)
    (color-rgba 0.345098 0.545098 0.466667 1.000000)
    (color-rgba 0.392157 0.580392 0.501961 1.000000)
    (color-rgba 0.384314 0.596078 0.498039 1.000000)
    (color-rgba 0.396078 0.615686 0.513726 1.000000)
    (color-rgba 0.321569 0.133333 0.168627 1.000000)
    (color-rgba 0.937255 0.874510 0.811765 1.000000)
    (color-rgba 0.639216 0.384314 0.376471 1.000000)
    (color-rgba 0.921569 0.705882 0.721569 1.000000)
    (color-rgba 0.898039 0.686275 0.709804 1.000000)
    (color-rgba 0.905882 0.627451 0.639216 1.000000)
    (color-rgba 0.898039 0.686275 0.713726 1.000000)
    (color-rgba 0.894118 0.627451 0.580392 1.000000)
    (color-rgba 0.898039 0.666667 0.686275 1.000000)
    (color-rgba 0.898039 0.678431 0.701961 1.000000)
    (color-rgba 0.909804 0.737255 0.749020 1.000000)
    (color-rgba 0.321569 0.129412 0.164706 1.000000)
    (color-rgba 0.984314 0.831373 0.788235 1.000000)
    (color-rgba 0.980392 0.745098 0.701961 1.000000)
    (color-rgba 0.960784 0.709804 0.643137 1.000000)
    (color-rgba 0.988235 0.819608 0.772549 1.000000)
    (color-rgba 0.211765 0.098039 0.098039 1.000000)
    (color-rgba 0.976471 0.713726 0.623529 1.000000)
    (color-rgba 1.000000 0.968627 0.913725 1.000000)
    (color-rgba 0.666667 0.400000 0.317647 1.000000)
    (color-rgba 0.164706 0.000000 0.000000 1.000000)
    (color-rgba 0.898039 0.662745 0.678431 1.000000)
    (color-rgba 0.886275 0.592157 0.615686 1.000000)
    (color-rgba 0.694118 0.329412 0.349020 1.000000)
    (color-rgba 0.882353 0.588235 0.611765 1.000000)
    (color-rgba 0.921569 0.701961 0.717647 1.000000)
    (color-rgba 0.752941 0.443137 0.364706 1.000000)
    (color-rgba 0.600000 0.309804 0.227451 1.000000)
    (color-rgba 0.756863 0.443137 0.360784 1.000000)
    (color-rgba 0.682353 0.458824 0.317647 1.000000)
    (color-rgba 0.862745 0.749020 0.611765 1.000000)
    (color-rgba 0.956863 0.933333 0.921569 1.000000)
    (color-rgba 0.882353 0.784314 0.666667 1.000000)
    (color-rgba 1.000000 0.898039 0.882353 1.000000)
    (color-rgba 0.996078 0.839216 0.819608 1.000000)
    (color-rgba 1.000000 0.894118 0.886275 1.000000)
    (color-rgba 0.925490 0.800000 0.768627 1.000000)
    (color-rgba 0.031373 0.023529 0.031373 1.000000)
    (color-rgba 0.815686 0.721569 0.698039 1.000000)
    (color-rgba 0.780392 0.698039 0.674510 1.000000)
    (color-rgba 0.745098 0.662745 0.635294 1.000000)
    (color-rgba 0.031373 0.023529 0.027451 1.000000)
    (color-rgba 0.843137 0.713726 0.627451 1.000000)
    (color-rgba 0.996078 0.960784 0.878431 1.000000)
    (color-rgba 0.901961 0.749020 0.592157 1.000000)
    (color-rgba 0.901961 0.749020 0.588235 1.000000)
    (color-rgba 0.905882 0.756863 0.592157 1.000000)
    (color-rgba 0.819608 0.694118 0.600000 1.000000)
    (color-rgba 0.996078 0.968627 0.909804 1.000000)
    (color-rgba 0.956863 0.968627 0.949020 1.000000)
    (color-rgba 0.988235 0.964706 0.933333 1.000000)
    (color-rgba 0.992157 0.988235 0.972549 1.000000)
    (color-rgba 0.847059 0.729412 0.615686 1.000000)
    (color-rgba 0.737255 0.619608 0.560784 1.000000)
    (color-rgba 0.827451 0.705882 0.607843 1.000000)
    (color-rgba 0.698039 0.521569 0.439216 1.000000)
    (color-rgba 0.792157 0.729412 0.705882 1.000000)
    (color-rgba 0.949020 0.972549 0.980392 1.000000)
    (color-rgba 0.886275 0.854902 0.811765 1.000000)
    (color-rgba 0.988235 0.980392 0.956863 1.000000)
    (color-rgba 0.686275 0.505882 0.423529 1.000000)
    (color-rgba 0.019057 0.946502 0.866352 1.000000)
    (color-rgba 0.070588 0.070588 0.070588 1.000000)
    (color-rgba 0.117647 0.117647 0.117647 1.000000)
    (color-rgba 0.000000 0.962963 1.000000 1.000000)
    (color-rgba 0.134283 0.909465 0.861614 1.000000)
    (color-rgba 0.847737 0.045516 0.045516 1.000000)
    (color-rgba 0.125490 0.125490 0.125490 1.000000)
    (color-rgba 1.000000 0.976471 0.941176 1.000000)
    (color-rgba 0.219608 0.215686 0.207843 1.000000)
    (color-rgba 0.023529 0.094118 0.172549 1.000000)
    (color-rgba 0.709804 0.694118 0.690196 1.000000)
    (color-rgba 0.607843 0.607843 0.607843 1.000000)
    (color-rgba 0.588235 0.584314 0.607843 1.000000)
    (color-rgba 0.592157 0.588235 0.611765 1.000000)
    (color-rgba 0.623529 0.619608 0.611765 1.000000)
    (color-rgba 0.619608 0.611765 0.615686 1.000000)
    (color-rgba 0.603922 0.576471 0.576471 1.000000)
    (color-rgba 0.407843 0.415686 0.423529 1.000000)
    (color-rgba 0.482353 0.482353 0.490196 1.000000)
    (color-rgba 0.501961 0.501961 0.509804 1.000000)
    (color-rgba 0.611765 0.584314 0.584314 1.000000)
    (color-rgba 0.607843 0.588235 0.592157 1.000000)
    (color-rgba 0.564706 0.560784 0.541176 1.000000)
    (color-rgba 0.443137 0.443137 0.443137 1.000000)
    (color-rgba 0.450980 0.454902 0.462745 1.000000)
    (color-rgba 0.517647 0.454902 0.494118 1.000000)
    (color-rgba 0.450980 0.384314 0.407843 1.000000)
    (color-rgba 0.600000 0.525490 0.549020 1.000000)
    (color-rgba 0.505882 0.427451 0.435294 1.000000)
    (color-rgba 0.682353 0.596078 0.607843 1.000000)
    (color-rgba 0.552941 0.486275 0.525490 1.000000)
    (color-rgba 0.141176 0.137255 0.160784 1.000000)
    (color-rgba 0.996078 0.501961 0.792157 1.000000)
    (color-rgba 1.000000 0.737255 0.909804 1.000000)
    (color-rgba 1.000000 0.964706 0.984314 1.000000)
    (color-rgba 0.949020 0.733333 0.807843 1.000000)
    (color-rgba 0.847059 0.694118 0.901961 1.000000)
    (color-rgba 0.733333 0.917647 0.996078 1.000000)
    (color-rgba 0.721569 0.960784 0.980392 1.000000)
    (color-rgba 0.698039 0.941176 0.992157 1.000000)
    (color-rgba 0.094118 0.094118 0.094118 1.000000)
    (color-rgba 1.000000 0.976471 0.850980 1.000000)
    (color-rgba 1.000000 0.945098 0.956863 1.000000)
    (color-rgba 0.152941 0.611765 0.984314 0.000000)
    (color-rgba 0.152941 0.611765 0.984314 1.000000)
    (color-rgba 0.968627 0.294118 0.592157 1.000000)
    (color-rgba 0.996078 0.972549 0.831373 1.000000)
    (color-rgba 0.768627 0.568627 0.788235 1.000000)
    (color-rgba 0.156863 0.596078 0.980392 1.000000)
    (color-rgba 0.388235 0.341176 0.435294 1.000000)
    (color-rgba 1.000000 0.984314 0.937255 1.000000)
    (color-rgba 0.380392 0.345098 0.427451 1.000000)
    (color-rgba 0.145098 0.141176 0.164706 1.000000)
    (color-rgba 0.996078 0.996078 0.996078 1.000000)
    (color-rgba 0.082353 0.200000 0.576471 1.000000)
    (color-rgba 0.074510 0.196078 0.458824 1.000000)
    (color-rgba 0.066667 0.192157 0.533333 1.000000)
    (color-rgba 0.000000 0.090196 0.152941 1.000000)
    (color-rgba 0.000000 0.062745 0.117647 1.000000)
    (color-rgba 0.015686 0.109804 0.219608 1.000000)
    (color-rgba 0.000000 0.066667 0.121569 1.000000)
    (color-rgba 0.023529 0.101961 0.196078 1.000000)
    (color-rgba 0.000000 0.066667 0.101961 1.000000)
    (color-rgba 0.000000 0.086275 0.141176 1.000000)
    (color-rgba 0.015686 0.098039 0.211765 1.000000)
    (color-rgba 0.090196 0.192157 0.494118 1.000000)
    (color-rgba 0.007843 0.101961 0.211765 1.000000)
    (color-rgba 0.980392 0.219608 0.466667 0.000000)
    (color-rgba 0.674510 0.180392 0.709804 1.000000)
    (color-rgba 0.078431 0.054902 0.243137 1.000000)
    (color-rgba 1.000000 1.000000 1.000000 0.000000)
    (color-rgba 0.968627 0.992157 1.000000 1.000000)
    (color-rgba 0.549020 0.780392 0.890196 1.000000)
    (color-rgba 0.458824 0.270588 0.250980 1.000000)
    (color-rgba 0.972549 0.917647 0.890196 1.000000)
    (color-rgba 0.686275 0.545098 0.760784 1.000000)
    (color-rgba 0.541176 0.384314 0.678431 1.000000)
    (color-rgba 1.000000 0.615686 0.905882 1.000000)
    (color-rgba 0.247059 0.486275 0.984314 1.000000)
    (color-rgba 0.905882 0.858824 0.831373 1.000000)
    (color-rgba 0.000000 0.164706 0.313726 1.000000)
    (color-rgba 1.000000 0.317647 0.619608 1.000000)
    (color-rgba 1.000000 0.647059 0.176471 1.000000)
    (color-rgba 0.823529 0.905882 0.905882 1.000000)
    (color-rgba 0.062745 0.580392 0.850980 1.000000)
    (color-rgba 0.992157 1.000000 0.945098 1.000000)
    (color-rgba 0.047059 0.070588 0.078431 1.000000)
    (color-rgba 1.000000 0.490196 0.843137 1.000000)
    (color-rgba 0.992157 0.964706 0.921569 1.000000)
    (color-rgba 1.000000 0.831373 0.949020 1.000000)
    (color-rgba 0.980392 0.439216 0.372549 1.000000)
    (color-rgba 0.980392 0.913725 0.819608 1.000000)
    (color-rgba 0.505882 0.356863 0.282353 1.000000)
    (color-rgba 0.996078 0.811765 0.854902 1.000000)
    (color-rgba 0.972549 0.400000 0.639216 1.000000)
    (color-rgba 1.000000 0.596078 0.764706 1.000000)
    (color-rgba 0.972549 0.972549 0.972549 1.000000)
    (color-rgba 0.705882 0.600000 0.698039 1.000000)
    (color-rgba 0.768627 0.635294 0.760784 1.000000)
    (color-rgba 0.764706 0.631373 0.756863 1.000000)
    (color-rgba 0.619608 0.435294 0.584314 1.000000)
    (color-rgba 0.776471 0.635294 0.772549 1.000000)
    (color-rgba 0.764706 0.619608 0.737255 1.000000)
    (color-rgba 0.815686 0.717647 0.811765 1.000000)
    (color-rgba 0.780392 0.686275 0.780392 1.000000)
    (color-rgba 0.800000 0.705882 0.800000 1.000000)
    (color-rgba 0.905882 0.654902 0.784314 1.000000)
    (color-rgba 0.952941 0.945098 0.937255 1.000000)
    (color-rgba 0.960784 0.952941 0.952941 1.000000)
    (color-rgba 0.576471 0.674510 0.674510 1.000000)
    (color-rgba 0.596078 0.705882 0.686275 1.000000)
    (color-rgba 0.917647 0.929412 0.980392 1.000000)
    (color-rgba 0.952941 0.913725 0.933333 1.000000)
    (color-rgba 0.996078 0.964706 0.823529 1.000000)
    (color-rgba 0.980392 0.878431 0.403922 1.000000)
    (color-rgba 0.937255 0.800000 0.988235 1.000000)
    (color-rgba 0.925490 0.086275 0.858824 1.000000)
    (color-rgba 0.996078 0.858824 0.611765 1.000000)
    (color-rgba 1.000000 0.945098 0.890196 1.000000)
    (color-rgba 0.690196 0.721569 0.968627 1.000000)
    (color-rgba 0.701961 0.752941 0.984314 1.000000)
    (color-rgba 0.690196 0.686275 0.937255 1.000000)
    (color-rgba 0.980392 0.584314 0.152941 1.000000)
    (color-rgba 0.000000 0.007843 0.011765 1.000000)
    (color-rgba 0.713726 0.831373 0.941176 1.000000)
    (color-rgba 0.980392 0.968627 0.972549 1.000000)
    (color-rgba 0.733333 0.847059 0.945098 1.000000)
    (color-rgba 0.062745 0.078431 0.219608 1.000000)
    (color-rgba 0.537255 0.231373 0.388235 1.000000)
    (color-rgba 0.843137 0.521569 0.670588 1.000000)
    (color-rgba 0.262745 0.098039 0.239216 1.000000)
    (color-rgba 0.725490 0.552941 0.694118 1.000000)
    (color-rgba 0.447059 0.247059 0.415686 1.000000)
    (color-rgba 0.945098 0.560784 0.800000 1.000000)
    (color-rgba 0.431373 0.337255 0.533333 1.000000)
    (color-rgba 0.635294 0.364706 0.580392 1.000000)
    (color-rgba 0.584314 0.427451 0.505882 1.000000)
    (color-rgba 0.184314 0.168627 0.250980 1.000000)
    (color-rgba 0.200000 0.180392 0.254902 1.000000)
    (color-rgba 0.196078 0.180392 0.262745 1.000000)
    (color-rgba 0.184314 0.168627 0.262745 1.000000)
    (color-rgba 0.203922 0.180392 0.274510 1.000000)
    (color-rgba 0.309804 0.254902 0.435294 1.000000)
    (color-rgba 0.203922 0.180392 0.278431 1.000000)
    (color-rgba 0.611765 0.517647 0.764706 1.000000)
    (color-rgba 0.905882 0.898039 1.000000 1.000000)
    (color-rgba 0.756863 0.705882 0.917647 1.000000)
    (color-rgba 0.278431 0.235294 0.376471 1.000000)
    (color-rgba 0.247059 0.207843 0.329412 1.000000)
    (color-rgba 0.298039 0.235294 0.337255 1.000000)
    (color-rgba 0.243137 0.192157 0.282353 1.000000)
    (color-rgba 0.772549 0.701961 0.929412 1.000000)
    (color-rgba 0.784314 0.721569 0.956863 1.000000)
    (color-rgba 0.325490 0.239216 0.474510 1.000000)
    (color-rgba 0.372549 0.274510 0.529412 1.000000)
    (color-rgba 0.254902 0.211765 0.368627 1.000000)
    (color-rgba 0.211765 0.203922 0.313726 1.000000)
    (color-rgba 0.188235 0.176471 0.250980 1.000000)
    (color-rgba 0.364706 0.286275 0.376471 1.000000)
    (color-rgba 0.643137 0.321569 0.376471 1.000000)
    (color-rgba 0.929412 0.968627 0.992157 1.000000)
    (color-rgba 0.705882 0.270588 0.317647 1.000000)
    (color-rgba 0.984314 0.976471 0.968627 1.000000)
    (color-rgba 0.156863 0.156863 0.152941 1.000000)
    (color-rgba 0.929412 0.913725 0.898039 1.000000)
    (color-rgba 0.690196 0.109804 0.000000 1.000000)
    (color-rgba 0.992157 0.984314 0.976471 1.000000)
    (color-rgba 0.592157 0.584314 0.568627 1.000000)
    (color-rgba 1.000000 0.988235 0.968627 1.000000)
    (color-rgba 0.545098 0.537255 0.521569 1.000000)
    (color-rgba 0.603922 0.596078 0.592157 1.000000)
    (color-rgba 0.992157 1.000000 1.000000 1.000000)
    (color-rgba 0.615686 0.078431 0.098039 1.000000)
    (color-rgba 0.631373 0.098039 0.125490 1.000000)
    (color-rgba 0.674510 0.105882 0.129412 1.000000)
    (color-rgba 0.690196 0.113725 0.137255 1.000000)
    (color-rgba 0.639216 0.101961 0.121569 1.000000)
    (color-rgba 0.047059 0.160784 0.282353 1.000000)
    (color-rgba 0.000000 0.164706 0.964706 1.000000)
    (color-rgba 0.666667 0.576471 0.733333 1.000000)
    (color-rgba 0.964706 0.862745 0.709804 1.000000)
    (color-rgba 0.890196 0.627451 0.725490 1.000000)
    (color-rgba 0.984314 0.956863 0.909804 1.000000)
    (color-rgba 0.984314 0.972549 0.949020 1.000000)
    (color-rgba 0.803922 0.643137 0.705882 1.000000)
    (color-rgba 0.796078 0.690196 0.807843 1.000000)
    (color-rgba 0.874510 0.733333 0.788235 1.000000)
    (color-rgba 0.541176 0.611765 0.686275 1.000000)
    (color-rgba 0.643137 0.662745 0.701961 1.000000)
    (color-rgba 0.678431 0.674510 0.721569 1.000000)
    (color-rgba 0.254902 0.243137 0.321569 1.000000)
    (color-rgba 0.250980 0.243137 0.333333 1.000000)
    (color-rgba 0.254902 0.243137 0.325490 1.000000)
    (color-rgba 0.815686 0.843137 0.850980 1.000000)
    (color-rgba 0.666667 0.682353 0.741176 1.000000)
    (color-rgba 0.494118 0.835294 0.976471 1.000000)
    (color-rgba 0.494118 0.835294 0.976471 0.000000)
    (color-rgba 0.945098 0.874510 0.913725 1.000000)
    (color-rgba 0.850980 0.917647 0.945098 1.000000)
    (color-rgba 0.423529 0.741176 1.000000 1.000000)
    (color-rgba 0.478431 0.760784 1.000000 1.000000)
    (color-rgba 0.003922 0.662745 0.745098 1.000000)
    (color-rgba 0.121569 0.125490 0.113725 1.000000)
    (color-rgba 0.090196 0.109804 0.258824 1.000000)
    (color-rgba 0.701961 0.788235 0.870588 1.000000)
    (color-rgba 0.768627 0.839216 0.917647 1.000000)
    (color-rgba 0.713726 0.792157 0.886275 1.000000)
    (color-rgba 0.658824 0.764706 0.847059 1.000000)
    (color-rgba 0.788235 0.870588 0.945098 1.000000)
    (color-rgba 0.800000 0.886275 0.941176 1.000000)
    (color-rgba 0.952941 0.952941 0.921569 1.000000)
    (color-rgba 1.000000 0.870588 0.592157 1.000000)
    (color-rgba 0.462745 0.149020 0.137255 1.000000)
    (color-rgba 0.729412 0.305882 0.278431 1.000000)
    (color-rgba 0.960784 0.560784 0.168627 1.000000)
    (color-rgba 0.968627 0.854902 0.588235 1.000000)
    (color-rgba 0.000000 0.101961 0.168627 1.000000)
    (color-rgba 0.105882 0.101961 0.121569 1.000000)
    (color-rgba 0.000000 0.003922 0.019608 1.000000)
    (color-rgba 0.988235 0.882353 0.603922 1.000000)
    (color-rgba 0.988235 0.870588 0.596078 1.000000)
    (color-rgba 0.850980 0.650980 0.584314 1.000000)
    (color-rgba 0.858824 0.709804 0.627451 1.000000)
    (color-rgba 0.847059 0.662745 0.600000 1.000000)
    (color-rgba 0.843137 0.643137 0.576471 1.000000)
    (color-rgba 0.843137 0.556863 0.439216 1.000000)
    (color-rgba 0.835294 0.643137 0.584314 1.000000)
    (color-rgba 0.854902 0.654902 0.580392 1.000000)
    (color-rgba 0.862745 0.713726 0.631373 1.000000)
    (color-rgba 0.854902 0.607843 0.478431 1.000000)
    (color-rgba 0.854902 0.564706 0.458824 1.000000)
    (color-rgba 0.847059 0.647059 0.580392 1.000000)
    (color-rgba 0.019608 0.047059 0.262745 1.000000)
    (color-rgba 0.000000 0.054902 0.403922 1.000000)
    (color-rgba 0.921569 0.898039 0.941176 1.000000)
    (color-rgba 0.996078 0.843137 0.894118 1.000000)
    (color-rgba 0.796078 0.796078 0.796078 1.000000)
    (color-rgba 0.956863 0.956863 0.956863 1.000000)
    (color-rgba 0.662745 0.662745 0.662745 1.000000)
    (color-rgba 0.737255 0.737255 0.737255 1.000000)
    (color-rgba 0.768627 0.929412 0.980392 1.000000)
    (color-rgba 0.839216 0.992157 0.941176 1.000000)
    (color-rgba 0.862745 0.964706 0.831373 1.000000)
    (color-rgba 0.909804 0.917647 0.984314 1.000000)
    (color-rgba 0.705882 0.941176 0.988235 1.000000)
    (color-rgba 0.937255 0.462745 0.560784 1.000000)
    (color-rgba 1.000000 0.839216 0.231373 1.000000)
    (color-rgba 0.486275 0.807843 0.968627 1.000000)
    (color-rgba 0.513726 0.776471 0.462745 1.000000)
    (color-rgba 0.960784 0.674510 0.290196 1.000000)
    (color-rgba 0.372549 0.105882 0.490196 1.000000)
    (color-rgba 0.729412 0.282353 0.003922 1.000000)
    (color-rgba 0.796078 0.815686 0.917647 1.000000)
    (color-rgba 0.929412 0.725490 0.105882 1.000000)
    (color-rgba 0.788235 0.984314 0.980392 1.000000)
    (color-rgba 0.631373 0.843137 0.945098 1.000000)
    (color-rgba 0.592157 0.749020 0.329412 1.000000)
    (color-rgba 1.000000 0.870588 0.913725 1.000000)
    (color-rgba 0.988235 0.403922 0.568627 1.000000)
    (color-rgba 1.000000 0.564706 0.415686 1.000000)
    (color-rgba 0.949020 0.901961 0.874510 1.000000)
    (color-rgba 0.854902 0.223529 0.380392 1.000000)
    (color-rgba 0.988235 0.894118 0.819608 1.000000)
    (color-rgba 1.000000 0.890196 0.811765 1.000000)
    (color-rgba 0.968627 0.992157 0.717647 1.000000)
    (color-rgba 0.988235 0.996078 0.929412 1.000000)
    (color-rgba 0.996078 0.768627 0.713726 1.000000)
    (color-rgba 0.356863 0.047059 0.066667 1.000000)
    (color-rgba 0.831373 0.756863 0.733333 1.000000)
    (color-rgba 0.203922 0.000000 0.000000 1.000000)
    (color-rgba 0.309804 0.000000 0.000000 1.000000)
    (color-rgba 0.372549 0.129412 0.133333 1.000000)
    (color-rgba 0.266667 0.027451 0.031373 1.000000)
    (color-rgba 0.694118 0.596078 0.576471 1.000000)
    (color-rgba 1.000000 0.917647 0.862745 1.000000)
    (color-rgba 0.254902 0.015686 0.011765 1.000000)
    (color-rgba 0.941176 0.615686 0.552941 1.000000)
    (color-rgba 0.254902 0.011765 0.015686 1.000000)
    (color-rgba 0.694118 0.588235 0.572549 1.000000)
    (color-rgba 0.690196 0.592157 0.572549 1.000000)
    (color-rgba 0.827451 0.756863 0.741176 1.000000)
    (color-rgba 0.780392 0.149020 0.168627 1.000000)
    (color-rgba 0.627451 0.090196 0.254902 1.000000)
    (color-rgba 0.007843 0.015686 0.003922 1.000000)
    (color-rgba 0.129412 0.105882 0.105882 1.000000)
    (color-rgba 0.086275 0.066667 0.043137 1.000000)
    (color-rgba 0.211765 0.137255 0.113725 1.000000)
    (color-rgba 0.219608 0.129412 0.105882 1.000000)
    (color-rgba 0.164706 0.090196 0.074510 1.000000)
    (color-rgba 0.211765 0.129412 0.109804 1.000000))

# end of colorrc
